C =

  Columns 1 through 13

   17.8000   14.6000    9.6000    4.8000    4.6000   13.0000   17.8000    2.4000    9.8000    7.6000   14.4000   15.0000   19.6000
   17.8000   14.6000    9.6000    4.8000    4.6000   13.0000   17.8000    2.4000    9.8000    7.6000   14.4000   15.0000   19.6000
   17.8000   14.6000    9.6000    4.8000    4.6000   13.0000   17.8000    2.4000    9.8000    7.6000   14.4000   15.0000   19.6000
   17.8000   14.6000    9.6000    4.8000    4.6000   13.0000   17.8000    2.4000    9.8000    7.6000   14.4000   15.0000   19.6000
   17.8000   14.6000    9.6000    4.8000    4.6000   13.0000   17.8000    2.4000    9.8000    7.6000   14.4000   15.0000   19.6000
   17.8000   14.6000    9.6000    4.8000    4.6000   13.0000   17.8000    2.4000    9.8000    7.6000   14.4000   15.0000   19.6000
   17.8000   14.6000    9.6000    4.8000    4.6000   13.0000   17.8000    2.4000    9.8000    7.6000   14.4000   15.0000   19.6000
   17.8000   14.6000    9.6000    4.8000    4.6000   13.0000   17.8000    2.4000    9.8000    7.6000   14.4000   15.0000   19.6000
   17.8000   14.6000    9.6000    4.8000    4.6000   13.0000   17.8000    2.4000    9.8000    7.6000   14.4000   15.0000   19.6000
   17.8000   14.6000    9.6000    4.8000    4.6000   13.0000   17.8000    2.4000    9.8000    7.6000   14.4000   15.0000   19.6000
   17.8000   14.6000    9.6000    4.8000    4.6000   13.0000   17.8000    2.4000    9.8000    7.6000   14.4000   15.0000   19.6000
   17.8000   14.6000    9.6000    4.8000    4.6000   13.0000   17.8000    2.4000    9.8000    7.6000   14.4000   15.0000   19.6000
   17.8000   14.6000    9.6000    4.8000    4.6000   13.0000   17.8000    2.4000    9.8000    7.6000   14.4000   15.0000   19.6000
   17.8000   14.6000    9.6000    4.8000    4.6000   13.0000   17.8000    2.4000    9.8000    7.6000   14.4000   15.0000   19.6000
   17.8000   14.6000    9.6000    4.8000    4.6000   13.0000   17.8000    2.4000    9.8000    7.6000   14.4000   15.0000   19.6000
   17.8000   14.6000    9.6000    4.8000    4.6000   13.0000   17.8000    2.4000    9.8000    7.6000   14.4000   15.0000   19.6000
   17.8000   14.6000    9.6000    4.8000    4.6000   13.0000   17.8000    2.4000    9.8000    7.6000   14.4000   15.0000   19.6000
   17.8000   14.6000    9.6000    4.8000    4.6000   13.0000   17.8000    2.4000    9.8000    7.6000   14.4000   15.0000   19.6000
   17.8000   14.6000    9.6000    4.8000    4.6000   13.0000   17.8000    2.4000    9.8000    7.6000   14.4000   15.0000   19.6000
   17.8000   14.6000    9.6000    4.8000    4.6000   13.0000   17.8000    2.4000    9.8000    7.6000   14.4000   15.0000   19.6000
   17.8000   14.6000    9.6000    4.8000    4.6000   13.0000   17.8000    2.4000    9.8000    7.6000   14.4000   15.0000   19.6000
   17.8000   14.6000    9.6000    4.8000    4.6000   13.0000   17.8000    2.4000    9.8000    7.6000   14.4000   15.0000   19.6000
   17.8000   14.6000    9.6000    4.8000    4.6000   13.0000   17.8000    2.4000    9.8000    7.6000   14.4000   15.0000   19.6000
   17.8000   14.6000    9.6000    4.8000    4.6000   13.0000   17.8000    2.4000    9.8000    7.6000   14.4000   15.0000   19.6000
   17.8000   14.6000    9.6000    4.8000    4.6000   13.0000   17.8000    2.4000    9.8000    7.6000   14.4000   15.0000   19.6000
   17.8000   14.6000    9.6000    4.8000    4.6000   13.0000   17.8000    2.4000    9.8000    7.6000   14.4000   15.0000   19.6000
   17.8000   14.6000    9.6000    4.8000    4.6000   13.0000   17.8000    2.4000    9.8000    7.6000   14.4000   15.0000   19.6000
   17.8000   14.6000    9.6000    4.8000    4.6000   13.0000   17.8000    2.4000    9.8000    7.6000   14.4000   15.0000   19.6000
   17.8000   14.6000    9.6000    4.8000    4.6000   13.0000   17.8000    2.4000    9.8000    7.6000   14.4000   15.0000   19.6000
   17.8000   14.6000    9.6000    4.8000    4.6000   13.0000   17.8000    2.4000    9.8000    7.6000   14.4000   15.0000   19.6000
   17.8000   14.6000    9.6000    4.8000    4.6000   13.0000   17.8000    2.4000    9.8000    7.6000   14.4000   15.0000   19.6000
   17.8000   14.6000    9.6000    4.8000    4.6000   13.0000   17.8000    2.4000    9.8000    7.6000   14.4000   15.0000   19.6000

  Columns 14 through 26

    6.8000   15.0000   17.8000   17.8000   14.6000    9.6000    4.8000    4.6000   13.0000   17.8000    2.4000    9.8000    7.6000
    6.8000   15.0000   17.8000   17.8000   14.6000    9.6000    4.8000    4.6000   13.0000   17.8000    2.4000    9.8000    7.6000
    6.8000   15.0000   17.8000   17.8000   14.6000    9.6000    4.8000    4.6000   13.0000   17.8000    2.4000    9.8000    7.6000
    6.8000   15.0000   17.8000   17.8000   14.6000    9.6000    4.8000    4.6000   13.0000   17.8000    2.4000    9.8000    7.6000
    6.8000   15.0000   17.8000   17.8000   14.6000    9.6000    4.8000    4.6000   13.0000   17.8000    2.4000    9.8000    7.6000
    6.8000   15.0000   17.8000   17.8000   14.6000    9.6000    4.8000    4.6000   13.0000   17.8000    2.4000    9.8000    7.6000
    6.8000   15.0000   17.8000   17.8000   14.6000    9.6000    4.8000    4.6000   13.0000   17.8000    2.4000    9.8000    7.6000
    6.8000   15.0000   17.8000   17.8000   14.6000    9.6000    4.8000    4.6000   13.0000   17.8000    2.4000    9.8000    7.6000
    6.8000   15.0000   17.8000   17.8000   14.6000    9.6000    4.8000    4.6000   13.0000   17.8000    2.4000    9.8000    7.6000
    6.8000   15.0000   17.8000   17.8000   14.6000    9.6000    4.8000    4.6000   13.0000   17.8000    2.4000    9.8000    7.6000
    6.8000   15.0000   17.8000   17.8000   14.6000    9.6000    4.8000    4.6000   13.0000   17.8000    2.4000    9.8000    7.6000
    6.8000   15.0000   17.8000   17.8000   14.6000    9.6000    4.8000    4.6000   13.0000   17.8000    2.4000    9.8000    7.6000
    6.8000   15.0000   17.8000   17.8000   14.6000    9.6000    4.8000    4.6000   13.0000   17.8000    2.4000    9.8000    7.6000
    6.8000   15.0000   17.8000   17.8000   14.6000    9.6000    4.8000    4.6000   13.0000   17.8000    2.4000    9.8000    7.6000
    6.8000   15.0000   17.8000   17.8000   14.6000    9.6000    4.8000    4.6000   13.0000   17.8000    2.4000    9.8000    7.6000
    6.8000   15.0000   17.8000   17.8000   14.6000    9.6000    4.8000    4.6000   13.0000   17.8000    2.4000    9.8000    7.6000
    6.8000   15.0000   17.8000   17.8000   14.6000    9.6000    4.8000    4.6000   13.0000   17.8000    2.4000    9.8000    7.6000
    6.8000   15.0000   17.8000   17.8000   14.6000    9.6000    4.8000    4.6000   13.0000   17.8000    2.4000    9.8000    7.6000
    6.8000   15.0000   17.8000   17.8000   14.6000    9.6000    4.8000    4.6000   13.0000   17.8000    2.4000    9.8000    7.6000
    6.8000   15.0000   17.8000   17.8000   14.6000    9.6000    4.8000    4.6000   13.0000   17.8000    2.4000    9.8000    7.6000
    6.8000   15.0000   17.8000   17.8000   14.6000    9.6000    4.8000    4.6000   13.0000   17.8000    2.4000    9.8000    7.6000
    6.8000   15.0000   17.8000   17.8000   14.6000    9.6000    4.8000    4.6000   13.0000   17.8000    2.4000    9.8000    7.6000
    6.8000   15.0000   17.8000   17.8000   14.6000    9.6000    4.8000    4.6000   13.0000   17.8000    2.4000    9.8000    7.6000
    6.8000   15.0000   17.8000   17.8000   14.6000    9.6000    4.8000    4.6000   13.0000   17.8000    2.4000    9.8000    7.6000
    6.8000   15.0000   17.8000   17.8000   14.6000    9.6000    4.8000    4.6000   13.0000   17.8000    2.4000    9.8000    7.6000
    6.8000   15.0000   17.8000   17.8000   14.6000    9.6000    4.8000    4.6000   13.0000   17.8000    2.4000    9.8000    7.6000
    6.8000   15.0000   17.8000   17.8000   14.6000    9.6000    4.8000    4.6000   13.0000   17.8000    2.4000    9.8000    7.6000
    6.8000   15.0000   17.8000   17.8000   14.6000    9.6000    4.8000    4.6000   13.0000   17.8000    2.4000    9.8000    7.6000
    6.8000   15.0000   17.8000   17.8000   14.6000    9.6000    4.8000    4.6000   13.0000   17.8000    2.4000    9.8000    7.6000
    6.8000   15.0000   17.8000   17.8000   14.6000    9.6000    4.8000    4.6000   13.0000   17.8000    2.4000    9.8000    7.6000
    6.8000   15.0000   17.8000   17.8000   14.6000    9.6000    4.8000    4.6000   13.0000   17.8000    2.4000    9.8000    7.6000
    6.8000   15.0000   17.8000   17.8000   14.6000    9.6000    4.8000    4.6000   13.0000   17.8000    2.4000    9.8000    7.6000

  Columns 27 through 32

   14.4000   15.0000   19.6000    6.8000   15.0000   17.8000
   14.4000   15.0000   19.6000    6.8000   15.0000   17.8000
   14.4000   15.0000   19.6000    6.8000   15.0000   17.8000
   14.4000   15.0000   19.6000    6.8000   15.0000   17.8000
   14.4000   15.0000   19.6000    6.8000   15.0000   17.8000
   14.4000   15.0000   19.6000    6.8000   15.0000   17.8000
   14.4000   15.0000   19.6000    6.8000   15.0000   17.8000
   14.4000   15.0000   19.6000    6.8000   15.0000   17.8000
   14.4000   15.0000   19.6000    6.8000   15.0000   17.8000
   14.4000   15.0000   19.6000    6.8000   15.0000   17.8000
   14.4000   15.0000   19.6000    6.8000   15.0000   17.8000
   14.4000   15.0000   19.6000    6.8000   15.0000   17.8000
   14.4000   15.0000   19.6000    6.8000   15.0000   17.8000
   14.4000   15.0000   19.6000    6.8000   15.0000   17.8000
   14.4000   15.0000   19.6000    6.8000   15.0000   17.8000
   14.4000   15.0000   19.6000    6.8000   15.0000   17.8000
   14.4000   15.0000   19.6000    6.8000   15.0000   17.8000
   14.4000   15.0000   19.6000    6.8000   15.0000   17.8000
   14.4000   15.0000   19.6000    6.8000   15.0000   17.8000
   14.4000   15.0000   19.6000    6.8000   15.0000   17.8000
   14.4000   15.0000   19.6000    6.8000   15.0000   17.8000
   14.4000   15.0000   19.6000    6.8000   15.0000   17.8000
   14.4000   15.0000   19.6000    6.8000   15.0000   17.8000
   14.4000   15.0000   19.6000    6.8000   15.0000   17.8000
   14.4000   15.0000   19.6000    6.8000   15.0000   17.8000
   14.4000   15.0000   19.6000    6.8000   15.0000   17.8000
   14.4000   15.0000   19.6000    6.8000   15.0000   17.8000
   14.4000   15.0000   19.6000    6.8000   15.0000   17.8000
   14.4000   15.0000   19.6000    6.8000   15.0000   17.8000
   14.4000   15.0000   19.6000    6.8000   15.0000   17.8000
   14.4000   15.0000   19.6000    6.8000   15.0000   17.8000
   14.4000   15.0000   19.6000    6.8000   15.0000   17.8000


D =

  Columns 1 through 23

     0     0     0     0     0     0     0     0     0     0     0     0     0     0     0     0     0     0     0     0     0     0     0
     0     0     0     0     0     0     0     0     0     0     0     0     0     0     0     0     0     0     0     0     0     0     0
     0     0     0     0     0     0     0     0     0     0     0     0     0     0     0     0     0     0     0     0     0     0     0
     0     0     0     0     0     0     0     0     0     0     0     0     0     0     0     0     0     0     0     0     0     0     0
     0     0     0     0     0     0     0     0     0     0     0     0     0     0     0     0     0     0     0     0     0     0     0
     0     0     0     0     0     0     0     0     0     0     0     0     0     0     0     0     0     0     0     0     0     0     0
     0     0     0     0     0     0     0     0     0     0     0     0     0     0     0     0     0     0     0     0     0     0     0
     0     0     0     0     0     0     0     0     0     0     0     0     0     0     0     0     0     0     0     0     0     0     0
     0     0     0     0     0     0     0     0     0     0     0     0     0     0     0     0     0     0     0     0     0     0     0
     0     0     0     0     0     0     0     0     0     0     0     0     0     0     0     0     0     0     0     0     0     0     0
     0     0     0     0     0     0     0     0     0     0     0     0     0     0     0     0     0     0     0     0     0     0     0
     0     0     0     0     0     0     0     0     0     0     0     0     0     0     0     0     0     0     0     0     0     0     0
     0     0     0     0     0     0     0     0     0     0     0     0     0     0     0     0     0     0     0     0     0     0     0
     0     0     0     0     0     0     0     0     0     0     0     0     0     0     0     0     0     0     0     0     0     0     0
     0     0     0     0     0     0     0     0     0     0     0     0     0     0     0     0     0     0     0     0     0     0     0
     0     0     0     0     0     0     0     0     0     0     0     0     0     0     0     0     0     0     0     0     0     0     0
     0     0     0     0     0     0     0     0     0     0     0     0     0     0     0     0     0     0     0     0     0     0     0
     0     0     0     0     0     0     0     0     0     0     0     0     0     0     0     0     0     0     0     0     0     0     0
     0     0     0     0     0     0     0     0     0     0     0     0     0     0     0     0     0     0     0     0     0     0     0
     0     0     0     0     0     0     0     0     0     0     0     0     0     0     0     0     0     0     0     0     0     0     0
     0     0     0     0     0     0     0     0     0     0     0     0     0     0     0     0     0     0     0     0     0     0     0
     0     0     0     0     0     0     0     0     0     0     0     0     0     0     0     0     0     0     0     0     0     0     0
     0     0     0     0     0     0     0     0     0     0     0     0     0     0     0     0     0     0     0     0     0     0     0
     0     0     0     0     0     0     0     0     0     0     0     0     0     0     0     0     0     0     0     0     0     0     0
     0     0     0     0     0     0     0     0     0     0     0     0     0     0     0     0     0     0     0     0     0     0     0
     0     0     0     0     0     0     0     0     0     0     0     0     0     0     0     0     0     0     0     0     0     0     0
     0     0     0     0     0     0     0     0     0     0     0     0     0     0     0     0     0     0     0     0     0     0     0
     0     0     0     0     0     0     0     0     0     0     0     0     0     0     0     0     0     0     0     0     0     0     0
     0     0     0     0     0     0     0     0     0     0     0     0     0     0     0     0     0     0     0     0     0     0     0
     0     0     0     0     0     0     0     0     0     0     0     0     0     0     0     0     0     0     0     0     0     0     0
     0     0     0     0     0     0     0     0     0     0     0     0     0     0     0     0     0     0     0     0     0     0     0
     0     0     0     0     0     0     0     0     0     0     0     0     0     0     0     0     0     0     0     0     0     0     0

  Columns 24 through 32

     0     0     0     0     0     0     0     0     0
     0     0     0     0     0     0     0     0     0
     0     0     0     0     0     0     0     0     0
     0     0     0     0     0     0     0     0     0
     0     0     0     0     0     0     0     0     0
     0     0     0     0     0     0     0     0     0
     0     0     0     0     0     0     0     0     0
     0     0     0     0     0     0     0     0     0
     0     0     0     0     0     0     0     0     0
     0     0     0     0     0     0     0     0     0
     0     0     0     0     0     0     0     0     0
     0     0     0     0     0     0     0     0     0
     0     0     0     0     0     0     0     0     0
     0     0     0     0     0     0     0     0     0
     0     0     0     0     0     0     0     0     0
     0     0     0     0     0     0     0     0     0
     0     0     0     0     0     0     0     0     0
     0     0     0     0     0     0     0     0     0
     0     0     0     0     0     0     0     0     0
     0     0     0     0     0     0     0     0     0
     0     0     0     0     0     0     0     0     0
     0     0     0     0     0     0     0     0     0
     0     0     0     0     0     0     0     0     0
     0     0     0     0     0     0     0     0     0
     0     0     0     0     0     0     0     0     0
     0     0     0     0     0     0     0     0     0
     0     0     0     0     0     0     0     0     0
     0     0     0     0     0     0     0     0     0
     0     0     0     0     0     0     0     0     0
     0     0     0     0     0     0     0     0     0
     0     0     0     0     0     0     0     0     0
     0     0     0     0     0     0     0     0     0


E =

   1.0e+03 *

  Columns 1 through 13

    1.6963    1.3914    0.9149    0.4574    0.4384    1.2389    1.6963    0.2287    0.9339    0.7243    1.3723    1.4295    1.8679
    1.6963    1.3914    0.9149    0.4574    0.4384    1.2389    1.6963    0.2287    0.9339    0.7243    1.3723    1.4295    1.8679
    1.6963    1.3914    0.9149    0.4574    0.4384    1.2389    1.6963    0.2287    0.9339    0.7243    1.3723    1.4295    1.8679
    1.6963    1.3914    0.9149    0.4574    0.4384    1.2389    1.6963    0.2287    0.9339    0.7243    1.3723    1.4295    1.8679
    1.6963    1.3914    0.9149    0.4574    0.4384    1.2389    1.6963    0.2287    0.9339    0.7243    1.3723    1.4295    1.8679
    1.6963    1.3914    0.9149    0.4574    0.4384    1.2389    1.6963    0.2287    0.9339    0.7243    1.3723    1.4295    1.8679
    1.6963    1.3914    0.9149    0.4574    0.4384    1.2389    1.6963    0.2287    0.9339    0.7243    1.3723    1.4295    1.8679
    1.6963    1.3914    0.9149    0.4574    0.4384    1.2389    1.6963    0.2287    0.9339    0.7243    1.3723    1.4295    1.8679
    1.6963    1.3914    0.9149    0.4574    0.4384    1.2389    1.6963    0.2287    0.9339    0.7243    1.3723    1.4295    1.8679
    1.6963    1.3914    0.9149    0.4574    0.4384    1.2389    1.6963    0.2287    0.9339    0.7243    1.3723    1.4295    1.8679
    1.6963    1.3914    0.9149    0.4574    0.4384    1.2389    1.6963    0.2287    0.9339    0.7243    1.3723    1.4295    1.8679
    1.6963    1.3914    0.9149    0.4574    0.4384    1.2389    1.6963    0.2287    0.9339    0.7243    1.3723    1.4295    1.8679
    1.6963    1.3914    0.9149    0.4574    0.4384    1.2389    1.6963    0.2287    0.9339    0.7243    1.3723    1.4295    1.8679
    1.6963    1.3914    0.9149    0.4574    0.4384    1.2389    1.6963    0.2287    0.9339    0.7243    1.3723    1.4295    1.8679
    1.6963    1.3914    0.9149    0.4574    0.4384    1.2389    1.6963    0.2287    0.9339    0.7243    1.3723    1.4295    1.8679
    1.6963    1.3914    0.9149    0.4574    0.4384    1.2389    1.6963    0.2287    0.9339    0.7243    1.3723    1.4295    1.8679
    1.6963    1.3914    0.9149    0.4574    0.4384    1.2389    1.6963    0.2287    0.9339    0.7243    1.3723    1.4295    1.8679
    1.6963    1.3914    0.9149    0.4574    0.4384    1.2389    1.6963    0.2287    0.9339    0.7243    1.3723    1.4295    1.8679
    1.6963    1.3914    0.9149    0.4574    0.4384    1.2389    1.6963    0.2287    0.9339    0.7243    1.3723    1.4295    1.8679
    1.6963    1.3914    0.9149    0.4574    0.4384    1.2389    1.6963    0.2287    0.9339    0.7243    1.3723    1.4295    1.8679
    1.6963    1.3914    0.9149    0.4574    0.4384    1.2389    1.6963    0.2287    0.9339    0.7243    1.3723    1.4295    1.8679
    1.6963    1.3914    0.9149    0.4574    0.4384    1.2389    1.6963    0.2287    0.9339    0.7243    1.3723    1.4295    1.8679
    1.6963    1.3914    0.9149    0.4574    0.4384    1.2389    1.6963    0.2287    0.9339    0.7243    1.3723    1.4295    1.8679
    1.6963    1.3914    0.9149    0.4574    0.4384    1.2389    1.6963    0.2287    0.9339    0.7243    1.3723    1.4295    1.8679
    1.6963    1.3914    0.9149    0.4574    0.4384    1.2389    1.6963    0.2287    0.9339    0.7243    1.3723    1.4295    1.8679
    1.6963    1.3914    0.9149    0.4574    0.4384    1.2389    1.6963    0.2287    0.9339    0.7243    1.3723    1.4295    1.8679
    1.6963    1.3914    0.9149    0.4574    0.4384    1.2389    1.6963    0.2287    0.9339    0.7243    1.3723    1.4295    1.8679
    1.6963    1.3914    0.9149    0.4574    0.4384    1.2389    1.6963    0.2287    0.9339    0.7243    1.3723    1.4295    1.8679
    1.6963    1.3914    0.9149    0.4574    0.4384    1.2389    1.6963    0.2287    0.9339    0.7243    1.3723    1.4295    1.8679
    1.6963    1.3914    0.9149    0.4574    0.4384    1.2389    1.6963    0.2287    0.9339    0.7243    1.3723    1.4295    1.8679
    1.6963    1.3914    0.9149    0.4574    0.4384    1.2389    1.6963    0.2287    0.9339    0.7243    1.3723    1.4295    1.8679
    1.6963    1.3914    0.9149    0.4574    0.4384    1.2389    1.6963    0.2287    0.9339    0.7243    1.3723    1.4295    1.8679

  Columns 14 through 26

    0.6480    1.4295    1.6963    1.6963    1.3914    0.9149    0.4574    0.4384    1.2389    1.6963    0.2287    0.9339    0.7243
    0.6480    1.4295    1.6963    1.6963    1.3914    0.9149    0.4574    0.4384    1.2389    1.6963    0.2287    0.9339    0.7243
    0.6480    1.4295    1.6963    1.6963    1.3914    0.9149    0.4574    0.4384    1.2389    1.6963    0.2287    0.9339    0.7243
    0.6480    1.4295    1.6963    1.6963    1.3914    0.9149    0.4574    0.4384    1.2389    1.6963    0.2287    0.9339    0.7243
    0.6480    1.4295    1.6963    1.6963    1.3914    0.9149    0.4574    0.4384    1.2389    1.6963    0.2287    0.9339    0.7243
    0.6480    1.4295    1.6963    1.6963    1.3914    0.9149    0.4574    0.4384    1.2389    1.6963    0.2287    0.9339    0.7243
    0.6480    1.4295    1.6963    1.6963    1.3914    0.9149    0.4574    0.4384    1.2389    1.6963    0.2287    0.9339    0.7243
    0.6480    1.4295    1.6963    1.6963    1.3914    0.9149    0.4574    0.4384    1.2389    1.6963    0.2287    0.9339    0.7243
    0.6480    1.4295    1.6963    1.6963    1.3914    0.9149    0.4574    0.4384    1.2389    1.6963    0.2287    0.9339    0.7243
    0.6480    1.4295    1.6963    1.6963    1.3914    0.9149    0.4574    0.4384    1.2389    1.6963    0.2287    0.9339    0.7243
    0.6480    1.4295    1.6963    1.6963    1.3914    0.9149    0.4574    0.4384    1.2389    1.6963    0.2287    0.9339    0.7243
    0.6480    1.4295    1.6963    1.6963    1.3914    0.9149    0.4574    0.4384    1.2389    1.6963    0.2287    0.9339    0.7243
    0.6480    1.4295    1.6963    1.6963    1.3914    0.9149    0.4574    0.4384    1.2389    1.6963    0.2287    0.9339    0.7243
    0.6480    1.4295    1.6963    1.6963    1.3914    0.9149    0.4574    0.4384    1.2389    1.6963    0.2287    0.9339    0.7243
    0.6480    1.4295    1.6963    1.6963    1.3914    0.9149    0.4574    0.4384    1.2389    1.6963    0.2287    0.9339    0.7243
    0.6480    1.4295    1.6963    1.6963    1.3914    0.9149    0.4574    0.4384    1.2389    1.6963    0.2287    0.9339    0.7243
    0.6480    1.4295    1.6963    1.6963    1.3914    0.9149    0.4574    0.4384    1.2389    1.6963    0.2287    0.9339    0.7243
    0.6480    1.4295    1.6963    1.6963    1.3914    0.9149    0.4574    0.4384    1.2389    1.6963    0.2287    0.9339    0.7243
    0.6480    1.4295    1.6963    1.6963    1.3914    0.9149    0.4574    0.4384    1.2389    1.6963    0.2287    0.9339    0.7243
    0.6480    1.4295    1.6963    1.6963    1.3914    0.9149    0.4574    0.4384    1.2389    1.6963    0.2287    0.9339    0.7243
    0.6480    1.4295    1.6963    1.6963    1.3914    0.9149    0.4574    0.4384    1.2389    1.6963    0.2287    0.9339    0.7243
    0.6480    1.4295    1.6963    1.6963    1.3914    0.9149    0.4574    0.4384    1.2389    1.6963    0.2287    0.9339    0.7243
    0.6480    1.4295    1.6963    1.6963    1.3914    0.9149    0.4574    0.4384    1.2389    1.6963    0.2287    0.9339    0.7243
    0.6480    1.4295    1.6963    1.6963    1.3914    0.9149    0.4574    0.4384    1.2389    1.6963    0.2287    0.9339    0.7243
    0.6480    1.4295    1.6963    1.6963    1.3914    0.9149    0.4574    0.4384    1.2389    1.6963    0.2287    0.9339    0.7243
    0.6480    1.4295    1.6963    1.6963    1.3914    0.9149    0.4574    0.4384    1.2389    1.6963    0.2287    0.9339    0.7243
    0.6480    1.4295    1.6963    1.6963    1.3914    0.9149    0.4574    0.4384    1.2389    1.6963    0.2287    0.9339    0.7243
    0.6480    1.4295    1.6963    1.6963    1.3914    0.9149    0.4574    0.4384    1.2389    1.6963    0.2287    0.9339    0.7243
    0.6480    1.4295    1.6963    1.6963    1.3914    0.9149    0.4574    0.4384    1.2389    1.6963    0.2287    0.9339    0.7243
    0.6480    1.4295    1.6963    1.6963    1.3914    0.9149    0.4574    0.4384    1.2389    1.6963    0.2287    0.9339    0.7243
    0.6480    1.4295    1.6963    1.6963    1.3914    0.9149    0.4574    0.4384    1.2389    1.6963    0.2287    0.9339    0.7243
    0.6480    1.4295    1.6963    1.6963    1.3914    0.9149    0.4574    0.4384    1.2389    1.6963    0.2287    0.9339    0.7243

  Columns 27 through 32

    1.3723    1.4295    1.8679    0.6480    1.4295    1.6963
    1.3723    1.4295    1.8679    0.6480    1.4295    1.6963
    1.3723    1.4295    1.8679    0.6480    1.4295    1.6963
    1.3723    1.4295    1.8679    0.6480    1.4295    1.6963
    1.3723    1.4295    1.8679    0.6480    1.4295    1.6963
    1.3723    1.4295    1.8679    0.6480    1.4295    1.6963
    1.3723    1.4295    1.8679    0.6480    1.4295    1.6963
    1.3723    1.4295    1.8679    0.6480    1.4295    1.6963
    1.3723    1.4295    1.8679    0.6480    1.4295    1.6963
    1.3723    1.4295    1.8679    0.6480    1.4295    1.6963
    1.3723    1.4295    1.8679    0.6480    1.4295    1.6963
    1.3723    1.4295    1.8679    0.6480    1.4295    1.6963
    1.3723    1.4295    1.8679    0.6480    1.4295    1.6963
    1.3723    1.4295    1.8679    0.6480    1.4295    1.6963
    1.3723    1.4295    1.8679    0.6480    1.4295    1.6963
    1.3723    1.4295    1.8679    0.6480    1.4295    1.6963
    1.3723    1.4295    1.8679    0.6480    1.4295    1.6963
    1.3723    1.4295    1.8679    0.6480    1.4295    1.6963
    1.3723    1.4295    1.8679    0.6480    1.4295    1.6963
    1.3723    1.4295    1.8679    0.6480    1.4295    1.6963
    1.3723    1.4295    1.8679    0.6480    1.4295    1.6963
    1.3723    1.4295    1.8679    0.6480    1.4295    1.6963
    1.3723    1.4295    1.8679    0.6480    1.4295    1.6963
    1.3723    1.4295    1.8679    0.6480    1.4295    1.6963
    1.3723    1.4295    1.8679    0.6480    1.4295    1.6963
    1.3723    1.4295    1.8679    0.6480    1.4295    1.6963
    1.3723    1.4295    1.8679    0.6480    1.4295    1.6963
    1.3723    1.4295    1.8679    0.6480    1.4295    1.6963
    1.3723    1.4295    1.8679    0.6480    1.4295    1.6963
    1.3723    1.4295    1.8679    0.6480    1.4295    1.6963
    1.3723    1.4295    1.8679    0.6480    1.4295    1.6963
    1.3723    1.4295    1.8679    0.6480    1.4295    1.6963

Warning: Matrix is singular to working precision. 
> In trials_SE_Nov16 (line 74) 

F =

  Columns 1 through 23

   NaN   NaN   NaN   NaN   NaN   NaN   NaN   NaN   NaN   NaN   NaN   NaN   NaN   NaN   NaN   NaN   NaN   NaN   NaN   NaN   NaN   NaN   NaN
   NaN   NaN   NaN   NaN   NaN   NaN   NaN   NaN   NaN   NaN   NaN   NaN   NaN   NaN   NaN   NaN   NaN   NaN   NaN   NaN   NaN   NaN   NaN
   NaN   NaN   NaN   NaN   NaN   NaN   NaN   NaN   NaN   NaN   NaN   NaN   NaN   NaN   NaN   NaN   NaN   NaN   NaN   NaN   NaN   NaN   NaN
   NaN   NaN   NaN   NaN   NaN   NaN   NaN   NaN   NaN   NaN   NaN   NaN   NaN   NaN   NaN   NaN   NaN   NaN   NaN   NaN   NaN   NaN   NaN
   NaN   NaN   NaN   NaN   NaN   NaN   NaN   NaN   NaN   NaN   NaN   NaN   NaN   NaN   NaN   NaN   NaN   NaN   NaN   NaN   NaN   NaN   NaN
   NaN   NaN   NaN   NaN   NaN   NaN   NaN   NaN   NaN   NaN   NaN   NaN   NaN   NaN   NaN   NaN   NaN   NaN   NaN   NaN   NaN   NaN   NaN
   NaN   NaN   NaN   NaN   NaN   NaN   NaN   NaN   NaN   NaN   NaN   NaN   NaN   NaN   NaN   NaN   NaN   NaN   NaN   NaN   NaN   NaN   NaN
   NaN   NaN   NaN   NaN   NaN   NaN   NaN   NaN   NaN   NaN   NaN   NaN   NaN   NaN   NaN   NaN   NaN   NaN   NaN   NaN   NaN   NaN   NaN
   NaN   NaN   NaN   NaN   NaN   NaN   NaN   NaN   NaN   NaN   NaN   NaN   NaN   NaN   NaN   NaN   NaN   NaN   NaN   NaN   NaN   NaN   NaN
   NaN   NaN   NaN   NaN   NaN   NaN   NaN   NaN   NaN   NaN   NaN   NaN   NaN   NaN   NaN   NaN   NaN   NaN   NaN   NaN   NaN   NaN   NaN
   NaN   NaN   NaN   NaN   NaN   NaN   NaN   NaN   NaN   NaN   NaN   NaN   NaN   NaN   NaN   NaN   NaN   NaN   NaN   NaN   NaN   NaN   NaN
   NaN   NaN   NaN   NaN   NaN   NaN   NaN   NaN   NaN   NaN   NaN   NaN   NaN   NaN   NaN   NaN   NaN   NaN   NaN   NaN   NaN   NaN   NaN
   NaN   NaN   NaN   NaN   NaN   NaN   NaN   NaN   NaN   NaN   NaN   NaN   NaN   NaN   NaN   NaN   NaN   NaN   NaN   NaN   NaN   NaN   NaN
   NaN   NaN   NaN   NaN   NaN   NaN   NaN   NaN   NaN   NaN   NaN   NaN   NaN   NaN   NaN   NaN   NaN   NaN   NaN   NaN   NaN   NaN   NaN
   NaN   NaN   NaN   NaN   NaN   NaN   NaN   NaN   NaN   NaN   NaN   NaN   NaN   NaN   NaN   NaN   NaN   NaN   NaN   NaN   NaN   NaN   NaN
   NaN   NaN   NaN   NaN   NaN   NaN   NaN   NaN   NaN   NaN   NaN   NaN   NaN   NaN   NaN   NaN   NaN   NaN   NaN   NaN   NaN   NaN   NaN
   NaN   NaN   NaN   NaN   NaN   NaN   NaN   NaN   NaN   NaN   NaN   NaN   NaN   NaN   NaN   NaN   NaN   NaN   NaN   NaN   NaN   NaN   NaN
   NaN   NaN   NaN   NaN   NaN   NaN   NaN   NaN   NaN   NaN   NaN   NaN   NaN   NaN   NaN   NaN   NaN   NaN   NaN   NaN   NaN   NaN   NaN
   NaN   NaN   NaN   NaN   NaN   NaN   NaN   NaN   NaN   NaN   NaN   NaN   NaN   NaN   NaN   NaN   NaN   NaN   NaN   NaN   NaN   NaN   NaN
   NaN   NaN   NaN   NaN   NaN   NaN   NaN   NaN   NaN   NaN   NaN   NaN   NaN   NaN   NaN   NaN   NaN   NaN   NaN   NaN   NaN   NaN   NaN
   NaN   NaN   NaN   NaN   NaN   NaN   NaN   NaN   NaN   NaN   NaN   NaN   NaN   NaN   NaN   NaN   NaN   NaN   NaN   NaN   NaN   NaN   NaN
   NaN   NaN   NaN   NaN   NaN   NaN   NaN   NaN   NaN   NaN   NaN   NaN   NaN   NaN   NaN   NaN   NaN   NaN   NaN   NaN   NaN   NaN   NaN
   NaN   NaN   NaN   NaN   NaN   NaN   NaN   NaN   NaN   NaN   NaN   NaN   NaN   NaN   NaN   NaN   NaN   NaN   NaN   NaN   NaN   NaN   NaN
   NaN   NaN   NaN   NaN   NaN   NaN   NaN   NaN   NaN   NaN   NaN   NaN   NaN   NaN   NaN   NaN   NaN   NaN   NaN   NaN   NaN   NaN   NaN
   NaN   NaN   NaN   NaN   NaN   NaN   NaN   NaN   NaN   NaN   NaN   NaN   NaN   NaN   NaN   NaN   NaN   NaN   NaN   NaN   NaN   NaN   NaN
   NaN   NaN   NaN   NaN   NaN   NaN   NaN   NaN   NaN   NaN   NaN   NaN   NaN   NaN   NaN   NaN   NaN   NaN   NaN   NaN   NaN   NaN   NaN
   NaN   NaN   NaN   NaN   NaN   NaN   NaN   NaN   NaN   NaN   NaN   NaN   NaN   NaN   NaN   NaN   NaN   NaN   NaN   NaN   NaN   NaN   NaN
   NaN   NaN   NaN   NaN   NaN   NaN   NaN   NaN   NaN   NaN   NaN   NaN   NaN   NaN   NaN   NaN   NaN   NaN   NaN   NaN   NaN   NaN   NaN
   NaN   NaN   NaN   NaN   NaN   NaN   NaN   NaN   NaN   NaN   NaN   NaN   NaN   NaN   NaN   NaN   NaN   NaN   NaN   NaN   NaN   NaN   NaN
   NaN   NaN   NaN   NaN   NaN   NaN   NaN   NaN   NaN   NaN   NaN   NaN   NaN   NaN   NaN   NaN   NaN   NaN   NaN   NaN   NaN   NaN   NaN
   NaN   NaN   NaN   NaN   NaN   NaN   NaN   NaN   NaN   NaN   NaN   NaN   NaN   NaN   NaN   NaN   NaN   NaN   NaN   NaN   NaN   NaN   NaN
   NaN   NaN   NaN   NaN   NaN   NaN   NaN   NaN   NaN   NaN   NaN   NaN   NaN   NaN   NaN   NaN   NaN   NaN   NaN   NaN   NaN   NaN   NaN

  Columns 24 through 32

   NaN   NaN   NaN   NaN   NaN   NaN   NaN   NaN   NaN
   NaN   NaN   NaN   NaN   NaN   NaN   NaN   NaN   NaN
   NaN   NaN   NaN   NaN   NaN   NaN   NaN   NaN   NaN
   NaN   NaN   NaN   NaN   NaN   NaN   NaN   NaN   NaN
   NaN   NaN   NaN   NaN   NaN   NaN   NaN   NaN   NaN
   NaN   NaN   NaN   NaN   NaN   NaN   NaN   NaN   NaN
   NaN   NaN   NaN   NaN   NaN   NaN   NaN   NaN   NaN
   NaN   NaN   NaN   NaN   NaN   NaN   NaN   NaN   NaN
   NaN   NaN   NaN   NaN   NaN   NaN   NaN   NaN   NaN
   NaN   NaN   NaN   NaN   NaN   NaN   NaN   NaN   NaN
   NaN   NaN   NaN   NaN   NaN   NaN   NaN   NaN   NaN
   NaN   NaN   NaN   NaN   NaN   NaN   NaN   NaN   NaN
   NaN   NaN   NaN   NaN   NaN   NaN   NaN   NaN   NaN
   NaN   NaN   NaN   NaN   NaN   NaN   NaN   NaN   NaN
   NaN   NaN   NaN   NaN   NaN   NaN   NaN   NaN   NaN
   NaN   NaN   NaN   NaN   NaN   NaN   NaN   NaN   NaN
   NaN   NaN   NaN   NaN   NaN   NaN   NaN   NaN   NaN
   NaN   NaN   NaN   NaN   NaN   NaN   NaN   NaN   NaN
   NaN   NaN   NaN   NaN   NaN   NaN   NaN   NaN   NaN
   NaN   NaN   NaN   NaN   NaN   NaN   NaN   NaN   NaN
   NaN   NaN   NaN   NaN   NaN   NaN   NaN   NaN   NaN
   NaN   NaN   NaN   NaN   NaN   NaN   NaN   NaN   NaN
   NaN   NaN   NaN   NaN   NaN   NaN   NaN   NaN   NaN
   NaN   NaN   NaN   NaN   NaN   NaN   NaN   NaN   NaN
   NaN   NaN   NaN   NaN   NaN   NaN   NaN   NaN   NaN
   NaN   NaN   NaN   NaN   NaN   NaN   NaN   NaN   NaN
   NaN   NaN   NaN   NaN   NaN   NaN   NaN   NaN   NaN
   NaN   NaN   NaN   NaN   NaN   NaN   NaN   NaN   NaN
   NaN   NaN   NaN   NaN   NaN   NaN   NaN   NaN   NaN
   NaN   NaN   NaN   NaN   NaN   NaN   NaN   NaN   NaN
   NaN   NaN   NaN   NaN   NaN   NaN   NaN   NaN   NaN
   NaN   NaN   NaN   NaN   NaN   NaN   NaN   NaN   NaN


G =

  Columns 1 through 13

    0.1124    0.1370    0.2083    0.4167    0.4348    0.1538    0.1124    0.8333    0.2041    0.2632    0.1389    0.1333    0.1020
    0.1124    0.1370    0.2083    0.4167    0.4348    0.1538    0.1124    0.8333    0.2041    0.2632    0.1389    0.1333    0.1020
    0.1124    0.1370    0.2083    0.4167    0.4348    0.1538    0.1124    0.8333    0.2041    0.2632    0.1389    0.1333    0.1020
    0.1124    0.1370    0.2083    0.4167    0.4348    0.1538    0.1124    0.8333    0.2041    0.2632    0.1389    0.1333    0.1020
    0.1124    0.1370    0.2083    0.4167    0.4348    0.1538    0.1124    0.8333    0.2041    0.2632    0.1389    0.1333    0.1020
    0.1124    0.1370    0.2083    0.4167    0.4348    0.1538    0.1124    0.8333    0.2041    0.2632    0.1389    0.1333    0.1020
    0.1124    0.1370    0.2083    0.4167    0.4348    0.1538    0.1124    0.8333    0.2041    0.2632    0.1389    0.1333    0.1020
    0.1124    0.1370    0.2083    0.4167    0.4348    0.1538    0.1124    0.8333    0.2041    0.2632    0.1389    0.1333    0.1020
    0.1124    0.1370    0.2083    0.4167    0.4348    0.1538    0.1124    0.8333    0.2041    0.2632    0.1389    0.1333    0.1020
    0.1124    0.1370    0.2083    0.4167    0.4348    0.1538    0.1124    0.8333    0.2041    0.2632    0.1389    0.1333    0.1020
    0.1124    0.1370    0.2083    0.4167    0.4348    0.1538    0.1124    0.8333    0.2041    0.2632    0.1389    0.1333    0.1020
    0.1124    0.1370    0.2083    0.4167    0.4348    0.1538    0.1124    0.8333    0.2041    0.2632    0.1389    0.1333    0.1020
    0.1124    0.1370    0.2083    0.4167    0.4348    0.1538    0.1124    0.8333    0.2041    0.2632    0.1389    0.1333    0.1020
    0.1124    0.1370    0.2083    0.4167    0.4348    0.1538    0.1124    0.8333    0.2041    0.2632    0.1389    0.1333    0.1020
    0.1124    0.1370    0.2083    0.4167    0.4348    0.1538    0.1124    0.8333    0.2041    0.2632    0.1389    0.1333    0.1020
    0.1124    0.1370    0.2083    0.4167    0.4348    0.1538    0.1124    0.8333    0.2041    0.2632    0.1389    0.1333    0.1020
    0.1124    0.1370    0.2083    0.4167    0.4348    0.1538    0.1124    0.8333    0.2041    0.2632    0.1389    0.1333    0.1020
    0.1124    0.1370    0.2083    0.4167    0.4348    0.1538    0.1124    0.8333    0.2041    0.2632    0.1389    0.1333    0.1020
    0.1124    0.1370    0.2083    0.4167    0.4348    0.1538    0.1124    0.8333    0.2041    0.2632    0.1389    0.1333    0.1020
    0.1124    0.1370    0.2083    0.4167    0.4348    0.1538    0.1124    0.8333    0.2041    0.2632    0.1389    0.1333    0.1020
    0.1124    0.1370    0.2083    0.4167    0.4348    0.1538    0.1124    0.8333    0.2041    0.2632    0.1389    0.1333    0.1020
    0.1124    0.1370    0.2083    0.4167    0.4348    0.1538    0.1124    0.8333    0.2041    0.2632    0.1389    0.1333    0.1020
    0.1124    0.1370    0.2083    0.4167    0.4348    0.1538    0.1124    0.8333    0.2041    0.2632    0.1389    0.1333    0.1020
    0.1124    0.1370    0.2083    0.4167    0.4348    0.1538    0.1124    0.8333    0.2041    0.2632    0.1389    0.1333    0.1020
    0.1124    0.1370    0.2083    0.4167    0.4348    0.1538    0.1124    0.8333    0.2041    0.2632    0.1389    0.1333    0.1020
    0.1124    0.1370    0.2083    0.4167    0.4348    0.1538    0.1124    0.8333    0.2041    0.2632    0.1389    0.1333    0.1020
    0.1124    0.1370    0.2083    0.4167    0.4348    0.1538    0.1124    0.8333    0.2041    0.2632    0.1389    0.1333    0.1020
    0.1124    0.1370    0.2083    0.4167    0.4348    0.1538    0.1124    0.8333    0.2041    0.2632    0.1389    0.1333    0.1020
    0.1124    0.1370    0.2083    0.4167    0.4348    0.1538    0.1124    0.8333    0.2041    0.2632    0.1389    0.1333    0.1020
    0.1124    0.1370    0.2083    0.4167    0.4348    0.1538    0.1124    0.8333    0.2041    0.2632    0.1389    0.1333    0.1020
    0.1124    0.1370    0.2083    0.4167    0.4348    0.1538    0.1124    0.8333    0.2041    0.2632    0.1389    0.1333    0.1020
    0.1124    0.1370    0.2083    0.4167    0.4348    0.1538    0.1124    0.8333    0.2041    0.2632    0.1389    0.1333    0.1020

  Columns 14 through 26

    0.2941    0.1333    0.1124    0.1124    0.1370    0.2083    0.4167    0.4348    0.1538    0.1124    0.8333    0.2041    0.2632
    0.2941    0.1333    0.1124    0.1124    0.1370    0.2083    0.4167    0.4348    0.1538    0.1124    0.8333    0.2041    0.2632
    0.2941    0.1333    0.1124    0.1124    0.1370    0.2083    0.4167    0.4348    0.1538    0.1124    0.8333    0.2041    0.2632
    0.2941    0.1333    0.1124    0.1124    0.1370    0.2083    0.4167    0.4348    0.1538    0.1124    0.8333    0.2041    0.2632
    0.2941    0.1333    0.1124    0.1124    0.1370    0.2083    0.4167    0.4348    0.1538    0.1124    0.8333    0.2041    0.2632
    0.2941    0.1333    0.1124    0.1124    0.1370    0.2083    0.4167    0.4348    0.1538    0.1124    0.8333    0.2041    0.2632
    0.2941    0.1333    0.1124    0.1124    0.1370    0.2083    0.4167    0.4348    0.1538    0.1124    0.8333    0.2041    0.2632
    0.2941    0.1333    0.1124    0.1124    0.1370    0.2083    0.4167    0.4348    0.1538    0.1124    0.8333    0.2041    0.2632
    0.2941    0.1333    0.1124    0.1124    0.1370    0.2083    0.4167    0.4348    0.1538    0.1124    0.8333    0.2041    0.2632
    0.2941    0.1333    0.1124    0.1124    0.1370    0.2083    0.4167    0.4348    0.1538    0.1124    0.8333    0.2041    0.2632
    0.2941    0.1333    0.1124    0.1124    0.1370    0.2083    0.4167    0.4348    0.1538    0.1124    0.8333    0.2041    0.2632
    0.2941    0.1333    0.1124    0.1124    0.1370    0.2083    0.4167    0.4348    0.1538    0.1124    0.8333    0.2041    0.2632
    0.2941    0.1333    0.1124    0.1124    0.1370    0.2083    0.4167    0.4348    0.1538    0.1124    0.8333    0.2041    0.2632
    0.2941    0.1333    0.1124    0.1124    0.1370    0.2083    0.4167    0.4348    0.1538    0.1124    0.8333    0.2041    0.2632
    0.2941    0.1333    0.1124    0.1124    0.1370    0.2083    0.4167    0.4348    0.1538    0.1124    0.8333    0.2041    0.2632
    0.2941    0.1333    0.1124    0.1124    0.1370    0.2083    0.4167    0.4348    0.1538    0.1124    0.8333    0.2041    0.2632
    0.2941    0.1333    0.1124    0.1124    0.1370    0.2083    0.4167    0.4348    0.1538    0.1124    0.8333    0.2041    0.2632
    0.2941    0.1333    0.1124    0.1124    0.1370    0.2083    0.4167    0.4348    0.1538    0.1124    0.8333    0.2041    0.2632
    0.2941    0.1333    0.1124    0.1124    0.1370    0.2083    0.4167    0.4348    0.1538    0.1124    0.8333    0.2041    0.2632
    0.2941    0.1333    0.1124    0.1124    0.1370    0.2083    0.4167    0.4348    0.1538    0.1124    0.8333    0.2041    0.2632
    0.2941    0.1333    0.1124    0.1124    0.1370    0.2083    0.4167    0.4348    0.1538    0.1124    0.8333    0.2041    0.2632
    0.2941    0.1333    0.1124    0.1124    0.1370    0.2083    0.4167    0.4348    0.1538    0.1124    0.8333    0.2041    0.2632
    0.2941    0.1333    0.1124    0.1124    0.1370    0.2083    0.4167    0.4348    0.1538    0.1124    0.8333    0.2041    0.2632
    0.2941    0.1333    0.1124    0.1124    0.1370    0.2083    0.4167    0.4348    0.1538    0.1124    0.8333    0.2041    0.2632
    0.2941    0.1333    0.1124    0.1124    0.1370    0.2083    0.4167    0.4348    0.1538    0.1124    0.8333    0.2041    0.2632
    0.2941    0.1333    0.1124    0.1124    0.1370    0.2083    0.4167    0.4348    0.1538    0.1124    0.8333    0.2041    0.2632
    0.2941    0.1333    0.1124    0.1124    0.1370    0.2083    0.4167    0.4348    0.1538    0.1124    0.8333    0.2041    0.2632
    0.2941    0.1333    0.1124    0.1124    0.1370    0.2083    0.4167    0.4348    0.1538    0.1124    0.8333    0.2041    0.2632
    0.2941    0.1333    0.1124    0.1124    0.1370    0.2083    0.4167    0.4348    0.1538    0.1124    0.8333    0.2041    0.2632
    0.2941    0.1333    0.1124    0.1124    0.1370    0.2083    0.4167    0.4348    0.1538    0.1124    0.8333    0.2041    0.2632
    0.2941    0.1333    0.1124    0.1124    0.1370    0.2083    0.4167    0.4348    0.1538    0.1124    0.8333    0.2041    0.2632
    0.2941    0.1333    0.1124    0.1124    0.1370    0.2083    0.4167    0.4348    0.1538    0.1124    0.8333    0.2041    0.2632

  Columns 27 through 32

    0.1389    0.1333    0.1020    0.2941    0.1333    0.1124
    0.1389    0.1333    0.1020    0.2941    0.1333    0.1124
    0.1389    0.1333    0.1020    0.2941    0.1333    0.1124
    0.1389    0.1333    0.1020    0.2941    0.1333    0.1124
    0.1389    0.1333    0.1020    0.2941    0.1333    0.1124
    0.1389    0.1333    0.1020    0.2941    0.1333    0.1124
    0.1389    0.1333    0.1020    0.2941    0.1333    0.1124
    0.1389    0.1333    0.1020    0.2941    0.1333    0.1124
    0.1389    0.1333    0.1020    0.2941    0.1333    0.1124
    0.1389    0.1333    0.1020    0.2941    0.1333    0.1124
    0.1389    0.1333    0.1020    0.2941    0.1333    0.1124
    0.1389    0.1333    0.1020    0.2941    0.1333    0.1124
    0.1389    0.1333    0.1020    0.2941    0.1333    0.1124
    0.1389    0.1333    0.1020    0.2941    0.1333    0.1124
    0.1389    0.1333    0.1020    0.2941    0.1333    0.1124
    0.1389    0.1333    0.1020    0.2941    0.1333    0.1124
    0.1389    0.1333    0.1020    0.2941    0.1333    0.1124
    0.1389    0.1333    0.1020    0.2941    0.1333    0.1124
    0.1389    0.1333    0.1020    0.2941    0.1333    0.1124
    0.1389    0.1333    0.1020    0.2941    0.1333    0.1124
    0.1389    0.1333    0.1020    0.2941    0.1333    0.1124
    0.1389    0.1333    0.1020    0.2941    0.1333    0.1124
    0.1389    0.1333    0.1020    0.2941    0.1333    0.1124
    0.1389    0.1333    0.1020    0.2941    0.1333    0.1124
    0.1389    0.1333    0.1020    0.2941    0.1333    0.1124
    0.1389    0.1333    0.1020    0.2941    0.1333    0.1124
    0.1389    0.1333    0.1020    0.2941    0.1333    0.1124
    0.1389    0.1333    0.1020    0.2941    0.1333    0.1124
    0.1389    0.1333    0.1020    0.2941    0.1333    0.1124
    0.1389    0.1333    0.1020    0.2941    0.1333    0.1124
    0.1389    0.1333    0.1020    0.2941    0.1333    0.1124
    0.1389    0.1333    0.1020    0.2941    0.1333    0.1124


H =

  Columns 1 through 13

   17.8000   17.8000   17.8000   17.8000   17.8000   17.8000   17.8000   17.8000   17.8000   17.8000   17.8000   17.8000   17.8000
   14.6000   14.6000   14.6000   14.6000   14.6000   14.6000   14.6000   14.6000   14.6000   14.6000   14.6000   14.6000   14.6000
    9.6000    9.6000    9.6000    9.6000    9.6000    9.6000    9.6000    9.6000    9.6000    9.6000    9.6000    9.6000    9.6000
    4.8000    4.8000    4.8000    4.8000    4.8000    4.8000    4.8000    4.8000    4.8000    4.8000    4.8000    4.8000    4.8000
    4.6000    4.6000    4.6000    4.6000    4.6000    4.6000    4.6000    4.6000    4.6000    4.6000    4.6000    4.6000    4.6000
   13.0000   13.0000   13.0000   13.0000   13.0000   13.0000   13.0000   13.0000   13.0000   13.0000   13.0000   13.0000   13.0000
   17.8000   17.8000   17.8000   17.8000   17.8000   17.8000   17.8000   17.8000   17.8000   17.8000   17.8000   17.8000   17.8000
    2.4000    2.4000    2.4000    2.4000    2.4000    2.4000    2.4000    2.4000    2.4000    2.4000    2.4000    2.4000    2.4000
    9.8000    9.8000    9.8000    9.8000    9.8000    9.8000    9.8000    9.8000    9.8000    9.8000    9.8000    9.8000    9.8000
    7.6000    7.6000    7.6000    7.6000    7.6000    7.6000    7.6000    7.6000    7.6000    7.6000    7.6000    7.6000    7.6000
   14.4000   14.4000   14.4000   14.4000   14.4000   14.4000   14.4000   14.4000   14.4000   14.4000   14.4000   14.4000   14.4000
   15.0000   15.0000   15.0000   15.0000   15.0000   15.0000   15.0000   15.0000   15.0000   15.0000   15.0000   15.0000   15.0000
   19.6000   19.6000   19.6000   19.6000   19.6000   19.6000   19.6000   19.6000   19.6000   19.6000   19.6000   19.6000   19.6000
    6.8000    6.8000    6.8000    6.8000    6.8000    6.8000    6.8000    6.8000    6.8000    6.8000    6.8000    6.8000    6.8000
   15.0000   15.0000   15.0000   15.0000   15.0000   15.0000   15.0000   15.0000   15.0000   15.0000   15.0000   15.0000   15.0000
   17.8000   17.8000   17.8000   17.8000   17.8000   17.8000   17.8000   17.8000   17.8000   17.8000   17.8000   17.8000   17.8000
   17.8000   17.8000   17.8000   17.8000   17.8000   17.8000   17.8000   17.8000   17.8000   17.8000   17.8000   17.8000   17.8000
   14.6000   14.6000   14.6000   14.6000   14.6000   14.6000   14.6000   14.6000   14.6000   14.6000   14.6000   14.6000   14.6000
    9.6000    9.6000    9.6000    9.6000    9.6000    9.6000    9.6000    9.6000    9.6000    9.6000    9.6000    9.6000    9.6000
    4.8000    4.8000    4.8000    4.8000    4.8000    4.8000    4.8000    4.8000    4.8000    4.8000    4.8000    4.8000    4.8000
    4.6000    4.6000    4.6000    4.6000    4.6000    4.6000    4.6000    4.6000    4.6000    4.6000    4.6000    4.6000    4.6000
   13.0000   13.0000   13.0000   13.0000   13.0000   13.0000   13.0000   13.0000   13.0000   13.0000   13.0000   13.0000   13.0000
   17.8000   17.8000   17.8000   17.8000   17.8000   17.8000   17.8000   17.8000   17.8000   17.8000   17.8000   17.8000   17.8000
    2.4000    2.4000    2.4000    2.4000    2.4000    2.4000    2.4000    2.4000    2.4000    2.4000    2.4000    2.4000    2.4000
    9.8000    9.8000    9.8000    9.8000    9.8000    9.8000    9.8000    9.8000    9.8000    9.8000    9.8000    9.8000    9.8000
    7.6000    7.6000    7.6000    7.6000    7.6000    7.6000    7.6000    7.6000    7.6000    7.6000    7.6000    7.6000    7.6000
   14.4000   14.4000   14.4000   14.4000   14.4000   14.4000   14.4000   14.4000   14.4000   14.4000   14.4000   14.4000   14.4000
   15.0000   15.0000   15.0000   15.0000   15.0000   15.0000   15.0000   15.0000   15.0000   15.0000   15.0000   15.0000   15.0000
   19.6000   19.6000   19.6000   19.6000   19.6000   19.6000   19.6000   19.6000   19.6000   19.6000   19.6000   19.6000   19.6000
    6.8000    6.8000    6.8000    6.8000    6.8000    6.8000    6.8000    6.8000    6.8000    6.8000    6.8000    6.8000    6.8000
   15.0000   15.0000   15.0000   15.0000   15.0000   15.0000   15.0000   15.0000   15.0000   15.0000   15.0000   15.0000   15.0000
   17.8000   17.8000   17.8000   17.8000   17.8000   17.8000   17.8000   17.8000   17.8000   17.8000   17.8000   17.8000   17.8000

  Columns 14 through 26

   17.8000   17.8000   17.8000   17.8000   17.8000   17.8000   17.8000   17.8000   17.8000   17.8000   17.8000   17.8000   17.8000
   14.6000   14.6000   14.6000   14.6000   14.6000   14.6000   14.6000   14.6000   14.6000   14.6000   14.6000   14.6000   14.6000
    9.6000    9.6000    9.6000    9.6000    9.6000    9.6000    9.6000    9.6000    9.6000    9.6000    9.6000    9.6000    9.6000
    4.8000    4.8000    4.8000    4.8000    4.8000    4.8000    4.8000    4.8000    4.8000    4.8000    4.8000    4.8000    4.8000
    4.6000    4.6000    4.6000    4.6000    4.6000    4.6000    4.6000    4.6000    4.6000    4.6000    4.6000    4.6000    4.6000
   13.0000   13.0000   13.0000   13.0000   13.0000   13.0000   13.0000   13.0000   13.0000   13.0000   13.0000   13.0000   13.0000
   17.8000   17.8000   17.8000   17.8000   17.8000   17.8000   17.8000   17.8000   17.8000   17.8000   17.8000   17.8000   17.8000
    2.4000    2.4000    2.4000    2.4000    2.4000    2.4000    2.4000    2.4000    2.4000    2.4000    2.4000    2.4000    2.4000
    9.8000    9.8000    9.8000    9.8000    9.8000    9.8000    9.8000    9.8000    9.8000    9.8000    9.8000    9.8000    9.8000
    7.6000    7.6000    7.6000    7.6000    7.6000    7.6000    7.6000    7.6000    7.6000    7.6000    7.6000    7.6000    7.6000
   14.4000   14.4000   14.4000   14.4000   14.4000   14.4000   14.4000   14.4000   14.4000   14.4000   14.4000   14.4000   14.4000
   15.0000   15.0000   15.0000   15.0000   15.0000   15.0000   15.0000   15.0000   15.0000   15.0000   15.0000   15.0000   15.0000
   19.6000   19.6000   19.6000   19.6000   19.6000   19.6000   19.6000   19.6000   19.6000   19.6000   19.6000   19.6000   19.6000
    6.8000    6.8000    6.8000    6.8000    6.8000    6.8000    6.8000    6.8000    6.8000    6.8000    6.8000    6.8000    6.8000
   15.0000   15.0000   15.0000   15.0000   15.0000   15.0000   15.0000   15.0000   15.0000   15.0000   15.0000   15.0000   15.0000
   17.8000   17.8000   17.8000   17.8000   17.8000   17.8000   17.8000   17.8000   17.8000   17.8000   17.8000   17.8000   17.8000
   17.8000   17.8000   17.8000   17.8000   17.8000   17.8000   17.8000   17.8000   17.8000   17.8000   17.8000   17.8000   17.8000
   14.6000   14.6000   14.6000   14.6000   14.6000   14.6000   14.6000   14.6000   14.6000   14.6000   14.6000   14.6000   14.6000
    9.6000    9.6000    9.6000    9.6000    9.6000    9.6000    9.6000    9.6000    9.6000    9.6000    9.6000    9.6000    9.6000
    4.8000    4.8000    4.8000    4.8000    4.8000    4.8000    4.8000    4.8000    4.8000    4.8000    4.8000    4.8000    4.8000
    4.6000    4.6000    4.6000    4.6000    4.6000    4.6000    4.6000    4.6000    4.6000    4.6000    4.6000    4.6000    4.6000
   13.0000   13.0000   13.0000   13.0000   13.0000   13.0000   13.0000   13.0000   13.0000   13.0000   13.0000   13.0000   13.0000
   17.8000   17.8000   17.8000   17.8000   17.8000   17.8000   17.8000   17.8000   17.8000   17.8000   17.8000   17.8000   17.8000
    2.4000    2.4000    2.4000    2.4000    2.4000    2.4000    2.4000    2.4000    2.4000    2.4000    2.4000    2.4000    2.4000
    9.8000    9.8000    9.8000    9.8000    9.8000    9.8000    9.8000    9.8000    9.8000    9.8000    9.8000    9.8000    9.8000
    7.6000    7.6000    7.6000    7.6000    7.6000    7.6000    7.6000    7.6000    7.6000    7.6000    7.6000    7.6000    7.6000
   14.4000   14.4000   14.4000   14.4000   14.4000   14.4000   14.4000   14.4000   14.4000   14.4000   14.4000   14.4000   14.4000
   15.0000   15.0000   15.0000   15.0000   15.0000   15.0000   15.0000   15.0000   15.0000   15.0000   15.0000   15.0000   15.0000
   19.6000   19.6000   19.6000   19.6000   19.6000   19.6000   19.6000   19.6000   19.6000   19.6000   19.6000   19.6000   19.6000
    6.8000    6.8000    6.8000    6.8000    6.8000    6.8000    6.8000    6.8000    6.8000    6.8000    6.8000    6.8000    6.8000
   15.0000   15.0000   15.0000   15.0000   15.0000   15.0000   15.0000   15.0000   15.0000   15.0000   15.0000   15.0000   15.0000
   17.8000   17.8000   17.8000   17.8000   17.8000   17.8000   17.8000   17.8000   17.8000   17.8000   17.8000   17.8000   17.8000

  Columns 27 through 32

   17.8000   17.8000   17.8000   17.8000   17.8000   17.8000
   14.6000   14.6000   14.6000   14.6000   14.6000   14.6000
    9.6000    9.6000    9.6000    9.6000    9.6000    9.6000
    4.8000    4.8000    4.8000    4.8000    4.8000    4.8000
    4.6000    4.6000    4.6000    4.6000    4.6000    4.6000
   13.0000   13.0000   13.0000   13.0000   13.0000   13.0000
   17.8000   17.8000   17.8000   17.8000   17.8000   17.8000
    2.4000    2.4000    2.4000    2.4000    2.4000    2.4000
    9.8000    9.8000    9.8000    9.8000    9.8000    9.8000
    7.6000    7.6000    7.6000    7.6000    7.6000    7.6000
   14.4000   14.4000   14.4000   14.4000   14.4000   14.4000
   15.0000   15.0000   15.0000   15.0000   15.0000   15.0000
   19.6000   19.6000   19.6000   19.6000   19.6000   19.6000
    6.8000    6.8000    6.8000    6.8000    6.8000    6.8000
   15.0000   15.0000   15.0000   15.0000   15.0000   15.0000
   17.8000   17.8000   17.8000   17.8000   17.8000   17.8000
   17.8000   17.8000   17.8000   17.8000   17.8000   17.8000
   14.6000   14.6000   14.6000   14.6000   14.6000   14.6000
    9.6000    9.6000    9.6000    9.6000    9.6000    9.6000
    4.8000    4.8000    4.8000    4.8000    4.8000    4.8000
    4.6000    4.6000    4.6000    4.6000    4.6000    4.6000
   13.0000   13.0000   13.0000   13.0000   13.0000   13.0000
   17.8000   17.8000   17.8000   17.8000   17.8000   17.8000
    2.4000    2.4000    2.4000    2.4000    2.4000    2.4000
    9.8000    9.8000    9.8000    9.8000    9.8000    9.8000
    7.6000    7.6000    7.6000    7.6000    7.6000    7.6000
   14.4000   14.4000   14.4000   14.4000   14.4000   14.4000
   15.0000   15.0000   15.0000   15.0000   15.0000   15.0000
   19.6000   19.6000   19.6000   19.6000   19.6000   19.6000
    6.8000    6.8000    6.8000    6.8000    6.8000    6.8000
   15.0000   15.0000   15.0000   15.0000   15.0000   15.0000
   17.8000   17.8000   17.8000   17.8000   17.8000   17.8000